114891861.4618170112371444702148437500000000000000000000000000000000000000000000000000000000000000000000000000
 -21084279.5747439824044704437255859375000000000000000000000000000000000000000000000000000000000000000000000000
0.0000000000000000000000000000000000000000000000000000000000000000000000000000000000000000000000000000
-6.9469190185851052987686671258416026830673217773437500000000000000000000000000000000000000000000000000
1.9798627445176169015184086674707941710948944091796875000000000000000000000000000000000000000000000000
0.0000000000000000000000000000000000000000000000000000000000000000000000000000000000000000000000000000
0.0000002018419393634122387686153938385347217376875050831586122512817382812500000000000000000000000000
-0.0000001062299835436208322766689707283838117746199714019894599914550781250000000000000000000000000000
0.0000000000000000000000000000000000000000000000000000000000000000000000000000000000000000000000000000
25429051716.5781326293945312500000000000000000000000000000000000000000000000000000000000000000000000000000000000
 144948671703.4068298339843750000000000000000000000000000000000000000000000000000000000000000000000000000000000000
0.0000000000000000000000000000000000000000000000000000000000000000000000000000000000000000000000000000
-29540.3262219863208883907645940780639648437500000000000000000000000000000000000000000000000000000000000000
5282.1442250381178382667712867259979248046875000000000000000000000000000000000000000000000000000000000000
0.0000000000000000000000000000000000000000000000000000000000000000000000000000000000000000000000000000
-0.0010542187728714538970387071259438016568310558795928955078125000000000000000000000000000000000000000
-0.0060382972163214006580678194779920886503532528877258300781250000000000000000000000000000000000000000
0.0000000000000000000000000000000000000000000000000000000000000000000000000000000000000000000000000000
-4291361522729.1108398437500000000000000000000000000000000000000000000000000000000000000000000000000000000000000000
 -47450513402.0430450439453125000000000000000000000000000000000000000000000000000000000000000000000000000000000000
0.0000000000000000000000000000000000000000000000000000000000000000000000000000000000000000000000000000
135383.2545097029069438576698303222656250000000000000000000000000000000000000000000000000000000000000000000
6360.4136480502465929021127521991729736328125000000000000000000000000000000000000000000000000000000000000
0.0000000000000000000000000000000000000000000000000000000000000000000000000000000000000000000000000000
0.0000072118734555753228742270427575888902538281399756669998168945312500000000000000000000000000000000
0.0000000792858763463972864784666452070416298170130176004022359848022460937500000000000000000000000000
0.0000000000000000000000000000000000000000000000000000000000000000000000000000000000000000000000000000
623256522205.3654785156250000000000000000000000000000000000000000000000000000000000000000000000000000000000000000
 -390073360731.8128662109375000000000000000000000000000000000000000000000000000000000000000000000000000000000000000
0.0000000000000000000000000000000000000000000000000000000000000000000000000000000000000000000000000000
7278.5440802047996839974075555801391601562500000000000000000000000000000000000000000000000000000000000000
10978.5916646015211881604045629501342773437500000000000000000000000000000000000000000000000000000000000000
0.0000000000000000000000000000000000000000000000000000000000000000000000000000000000000000000000000000
-0.0002082021138242803198498825922868604720861185342073440551757812500000000000000000000000000000000000
0.0001303231590640550646882644958424180003930814564228057861328125000000000000000000000000000000000000
0.0000000000000000000000000000000000000000000000000000000000000000000000000000000000000000000000000000
-63072000.0000000000000000000000000000000000000000000000000000000000000000000000000000000000000000000000000000
